4294967293,131
4294967293,130
4294967293,129
4294967293,128
4294967293,127
4294967293,126
4294967293,125
4294967293,124
4294967293,123
4294967293,122
4294967293,121
4294967293,120
4294967293,119
4294967293,118
4294967293,117
4294967293,116
4294967293,115
4294967293,114
4294967293,113
4294967293,112
4294967293,111
4294967293,110
4294967293,109
4294967293,108
4294967293,107
4294967293,106
4294967293,105
4294967293,104
4294967293,103
4294967293,102
4294967293,101
4294967293,100
4294967293,99
4294967293,98
4294967293,97
4294967293,96
4294967293,95
4294967293,94
4294967293,93
4294967293,92
4294967293,91
4294967293,90
4294967293,89
4294967293,87
4294967293,86
4294967293,85
4294967293,84
4294967293,83
4294967293,82
4294967293,81
4294967293,80
4294967293,79
4294967293,78
4294967293,77
4294967293,76
4294967293,75
4294967293,74
4294967293,73
4294967293,72
4294967293,71
4294967293,70
4294967293,69
4294967293,68
4294967293,67
4294967293,66
4294967293,65
4294967293,64
4294967293,63
4294967293,62
4294967293,61
4294967293,60
4294967293,59
4294967293,58
4294967293,57
4294967293,56
4294967293,55
4294967293,54
4294967293,53
4294967293,52
4294967293,51
4294967293,50
4294967293,49
4294967293,48
4294967293,47
4294967293,46
4294967293,45
4294967293,44
4294967293,43
4294967293,42
4294967293,41
4294967293,40
4294967293,39
4294967293,38
4294967293,37
4294967293,36
4294967293,35
4294967293,34
4294967293,33
4294967293,32
4294967293,31
4294967293,30
4294967293,29
4294967293,28
4294967293,27
4294967293,26
4294967293,25
4294967293,24
4294967293,23
4294967293,22
4294967293,21
4294967293,20
4294967293,19
4294967293,18
4294967293,17
4294967293,16
4294967293,15
4294967293,14
4294967293,13
4294967293,12
4294967293,11
4294967293,10
4294967293,9
4294967293,8
4294967293,7
4294967293,6
4294967293,5
4294967293,4
4294967293,3
4294967278,129
4294967278,128
4294967278,127
4294967278,126
4294967278,124
4294967278,123
4294967278,121
4294967278,120
4294967278,119
4294967278,118
4294967278,117
4294967278,116
4294967278,114
4294967278,113
4294967278,235
4294967278,112
4294967278,227
4294967278,108
4294967278,103
4294967278,339
4294967278,553
4294967278,94
4294967278,90
4294967278,548
4294967278,89
4294967278,86
4294967278,85
4294967278,84
4294967278,543
4294967278,83
4294967278,82
4294967278,81
4294967278,79
4294967278,78
4294967278,536
4294967278,77
4294967278,76
4294967278,75
4294967278,74
4294967278,73
4294967278,531
4294967278,72
4294967278,340
4294967278,71
4294967278,529
4294967278,70
4294967278,528
4294967278,69
4294967278,527
4294967278,68
4294967278,67
4294967278,66
4294967278,65
4294967278,64
4294967278,63
4294967278,521
4294967278,62
4294967278,61
4294967278,60
4294967278,59
4294967278,58
4294967278,57
4294967278,515
4294967278,56
4294967278,55
4294967278,54
4294967278,53
4294967278,52
4294967278,318
4294967278,51
4294967278,46
4294967278,36
4294967278,34
4294967278,30
4294967278,29
4294967278,25
4294967278,23
4294967278,20
4294967278,17
4294967278,15
4294967278,14
4294967278,11
4294967278,280
4294967278,10
4294967278,9
4294967278,174
4294967278,88
4294967279,403
4294967279,402
4294967279,113
4294967279,104
4294967279,217
4294967279,103
4294967279,102
4294967279,101
4294967279,397
4294967279,98
4294967279,346
4294967279,93
4294967279,90
4294967279,348
4294967279,89
4294967279,86
4294967279,85
4294967279,342
4294967279,83
4294967279,82
4294967279,81
4294967279,79
4294967279,406
4294967279,337
4294967279,78
4294967279,330
4294967279,71
4294967279,70
4294967279,69
4294967279,66
4294967279,65
4294967279,322
4294967279,63
4294967279,62
4294967279,61
4294967279,57
4294967279,56
4294967279,55
4294967279,51
4294967279,50
4294967279,47
4294967279,41
4294967279,40
4294967279,36
4294967279,35
4294967279,30
4294967279,138
4294967279,26
4294967279,25
4294967279,23
4294967279,272
4294967279,21
4294967279,15
4294967279,264
4294967279,11
4294967279,278
4294967279,10
4294967279,399
4294967279,174
4294967279,88
4294967279,0
4294967279,260
4294967294,5
4294967294,1421
4294967294,155
4294967294,505
4294967294,1292
4294967294,221
4294967294,99
4294967294,107
4294967279,219
4294967278,217
4294967279,215
4294967279,398
4294967278,344
4294967279,400
4294967279,329
4294967279,328
4294967279,321
4294967279,315
4294967279,310
4294967278,313
4294967294,46
4294967294,1291
4294967294,672
4294967294,129
4294967294,24
4294967294,177
4294967294,1288
4294967294,501
4294967294,152
4294967294,1408
4294967294,964
4294967294,1290
4294967294,92
4294967294,91
4294967294,90
4294967294,88
4294967294,87
4294967294,86
4294967294,85
4294967294,84
4294967294,82
4294967294,936
4294967294,935
4294967294,934
4294967294,933
4294967294,932
4294967294,931
4294967294,930
4294967294,929
4294967294,926
4294967294,925
4294967294,924
4294967294,922
4294967294,428
4294967294,920
4294967294,919
4294967294,918
4294967294,916
4294967294,914
4294967294,910
4294967294,909
4294967294,908
4294967294,906
4294967294,905
4294967294,903
4294967294,899
4294967294,897
4294967294,896
4294967294,894
4294967294,664
4294967294,889
4294967294,888
4294967294,884
4294967294,882
4294967294,2
4294967294,878
4294967294,877
4294967294,876
4294967294,874
4294967294,872
4294967294,870
4294967294,869
4294967294,868
4294967294,866
4294967294,865
4294967294,863
4294967294,862
4294967294,861
4294967294,860
4294967294,859
4294967294,852
4294967294,849
4294967294,848
4294967294,846
4294967294,845
4294967294,843
4294967294,842
4294967294,841
4294967294,840
4294967294,838
4294967294,837
4294967294,836
4294967294,835
4294967294,832
4294967294,831
4294967294,1
4294967294,829
4294967294,27
4294967294,825
4294967294,824
4294967294,822
4294967294,820
4294967294,819
4294967294,29
4294967294,817
4294967294,812
4294967294,810
4294967294,809
4294967294,806
4294967294,805
4294967294,53
4294967294,973
4294967294,804
4294967294,25
4294967294,803
4294967294,26
4294967294,28
4294967294,801
4294967294,51
4294967294,799
4294967294,798
4294967294,795
4294967294,793
4294967294,792
4294967294,787
4294967294,786
4294967294,785
4294967294,783
4294967294,782
4294967294,775
4294967294,773
4294967294,771
4294967294,770
4294967294,769
4294967294,767
4294967294,764
4294967294,763
4294967294,762
4294967294,760
4294967294,758
4294967294,757
4294967294,756
4294967294,755
4294967294,1569
4294967294,754
4294967294,753
4294967294,752
4294967294,751
4294967294,961
4294967294,750
4294967294,749
4294967294,1568
4294967294,960
4294967294,748
4294967294,747
4294967294,746
4294967294,745
4294967294,742
4294967294,1567
4294967294,649
4294967294,1663
4294967294,737
4294967294,736
4294967294,735
4294967294,1133
4294967294,734
4294967294,733
4294967294,1566
4294967294,728
4294967294,726
4294967294,724
4294967294,723
4294967294,722
4294967294,721
4294967294,720
4294967294,719
4294967294,718
4294967294,717
4294967294,715
4294967294,125
4294967294,712
4294967294,711
4294967294,710
4294967294,708
4294967294,707
4294967294,647
4294967294,705
4294967294,639
4294967294,638
4294967294,634
4294967294,633
4294967294,632
4294967294,646
4294967294,629
4294967294,628
4294967294,627
4294967294,625
4294967294,624
4294967294,621
4294967294,620
4294967294,618
4294967294,617
4294967294,615
4294967294,611
4294967294,610
4294967294,1564
4294967294,609
4294967294,608
4294967294,603
4294967294,600
4294967294,599
1,3
1,0
4294967294,597
4294967294,596
4294967294,429
4294967294,594
4294967294,153
4294967294,591
4294967294,590
4294967294,1132
4294967294,588
4294967294,587
4294967294,586
4294967294,584
4294967294,583
4294967294,581
4294967294,1563
4294967294,578
4294967294,577
4294967294,1438
4294967294,576
4294967294,571
4294967294,569
4294967294,568
4294967294,567
4294967294,564
4294967294,0
4294967294,561
4294967294,1284
4294967294,560
4294967294,559
4294967294,558
4294967294,555
4294967294,549
4294967294,655
4294967294,641
4294967294,1562
4294967294,1561
4294967294,562
4294967294,548
4294967294,167
4294967294,572
4294967294,653
4294967294,547
4294967294,546
4294967294,545
4294967294,652
4294967294,544
4294967294,643
4294967294,645
4294967294,543
4294967294,542
4294967294,541
4294967294,540
4294967294,663
4294967294,539
4294967294,659
4294967294,642
4294967294,573
4294967294,538
4294967294,814
4294967294,1560
4294967294,575
4294967294,657
4294967294,811
4294967294,648
4294967294,1280
4294967294,220
4294967279,395
4294967279,394
4294967278,137
4294967278,275
4294967279,396
4294967278,337
4294967294,1439
4294967294,1608
4294967294,1558
4294967294,1556
4294967294,1557
4294967294,432
4294967294,1615
4294967294,1555
4294967294,1553
4294967294,1552
4294967294,1632
4294967294,1093
4294967294,1548
4294967294,1621
4294967294,1546
4294967294,1545
4294967294,1603
4294967294,1616
4294967294,1619
4294967294,1613
4294967294,1544
4294967294,444
4294967294,1543
4294967294,514
4294967294,1468
4294967294,1542
4294967294,1609
4294967294,1610
4294967294,1540
4294967294,1605
4294967294,3
4294967294,506
4294967294,456
4294967294,455
4294967294,8
4294967294,1536
4294967294,1469
4294967294,437
4294967294,1460
4294967294,126
4294967294,408
4294967294,1601
4294967294,392
4294967294,671
4294967294,426
4294967294,1465
4294967294,537
4294967294,536
4294967294,1624
4294967294,52
4294967294,1475
4294967294,1474
4294967294,1473
4294967294,1472
4294967294,383
4294967294,381
4294967294,382
4294967294,380
4294967294,379
4294967294,378
4294967294,377
4294967294,376
4294967294,375
4294967294,374
4294967294,373
4294967294,372
4294967294,371
4294967279,393
4294967278,335
4294967278,334
4294967279,392
4294967278,333
4294967294,1419
4294967294,452
4294967294,454
4294967294,1285
4294967294,417
4294967294,394
4294967294,390
4294967294,384
4294967294,422
4294967294,412
4294967294,398
4294967294,404
4294967294,403
4294967294,401
4294967294,405
4294967294,415
4294967294,451
4294967294,411
4294967294,972
4294967294,181
4294967294,184
4294967294,180
4294967294,190
4294967294,677
4294967294,175
4294967294,1417
4294967294,391
4294967294,187
4294967294,182
